# 3-Component Decay Chain Output
# Input parameters:
#   Half-life A (h): 1.97
#   Half-life B (h): 9.91
#   Na0: 100.0  Nb0: 0.0  Nc0: 0.0
#   tfinal (h): 50.0
#
# t(h)    NA        NB        NC        Total
0.0000   100.000000   -0.000000   0.000000   100.000000
0.0100   99.648767   0.351110   0.000123   100.000000
0.0200   99.298767   0.700742   0.000491   100.000000
0.0300   98.949997   1.048900   0.001103   100.000000
0.0400   98.602452   1.395590   0.001958   100.000000
0.0500   98.256128   1.740818   0.003055   100.000000
0.0600   97.911020   2.084588   0.004393   100.000000
0.0700   97.567124   2.426906   0.005970   100.000000
0.0800   97.224436   2.767777   0.007787   100.000000
0.0900   96.882951   3.107207   0.009842   100.000000
0.1000   96.542666   3.445200   0.012134   100.000000
0.1100   96.203577   3.781762   0.014661   100.000000
0.1200   95.865678   4.116899   0.017423   100.000000
0.1300   95.528966   4.450614   0.020420   100.000000
0.1400   95.193437   4.782914   0.023649   100.000000
0.1500   94.859086   5.113804   0.027110   100.000000
0.1600   94.525909   5.443288   0.030802   100.000000
0.1700   94.193903   5.771373   0.034724   100.000000
0.1800   93.863063   6.098062   0.038875   100.000000
0.1900   93.533385   6.423361   0.043255   100.000000
0.2000   93.204864   6.747275   0.047861   100.000000
0.2100   92.877498   7.069809   0.052693   100.000000
0.2200   92.551282   7.390968   0.057750   100.000000
0.2300   92.226211   7.710757   0.063032   100.000000
0.2400   91.902282   8.029182   0.068536   100.000000
0.2500   91.579491   8.346246   0.074263   100.000000
0.2600   91.257833   8.661955   0.080211   100.000000
0.2700   90.937306   8.976314   0.086380   100.000000
0.2800   90.617904   9.289328   0.092768   100.000000
0.2900   90.299624   9.601002   0.099374   100.000000
0.3000   89.982461   9.911340   0.106198   100.000000
0.3100   89.666413   10.220348   0.113239   100.000000
0.3200   89.351475   10.528030   0.120495   100.000000
0.3300   89.037643   10.834391   0.127966   100.000000
0.3400   88.724913   11.139436   0.135651   100.000000
0.3500   88.413282   11.443169   0.143549   100.000000
0.3600   88.102746   11.745596   0.151658   100.000000
0.3700   87.793300   12.046721   0.159979   100.000000
0.3800   87.484940   12.346550   0.168510   100.000000
0.3900   87.177664   12.645086   0.177250   100.000000
0.4000   86.871468   12.942334   0.186199   100.000000
0.4100   86.566346   13.238299   0.195355   100.000000
0.4200   86.262297   13.532986   0.204717   100.000000
0.4300   85.959315   13.826400   0.214285   100.000000
0.4400   85.657397   14.118544   0.224058   100.000000
0.4500   85.356540   14.409425   0.234035   100.000000
0.4600   85.056740   14.699045   0.244215   100.000000
0.4700   84.757992   14.987410   0.254597   100.000000
0.4800   84.460294   15.274525   0.265181   100.000000
0.4900   84.163642   15.560394   0.275964   100.000000
0.5000   83.868031   15.845021   0.286948   100.000000
0.5100   83.573459   16.128412   0.298129   100.000000
0.5200   83.279921   16.410570   0.309509   100.000000
0.5300   82.987415   16.691500   0.321086   100.000000
0.5400   82.695935   16.971206   0.332858   100.000000
0.5500   82.405480   17.249694   0.344826   100.000000
0.5600   82.116045   17.526967   0.356988   100.000000
0.5700   81.827626   17.803030   0.369344   100.000000
0.5800   81.540220   18.077888   0.381892   100.000000
0.5900   81.253824   18.351544   0.394633   100.000000
0.6000   80.968434   18.624003   0.407564   100.000000
0.6100   80.684046   18.895269   0.420685   100.000000
0.6200   80.400657   19.165348   0.433996   100.000000
0.6300   80.118263   19.434242   0.447495   100.000000
0.6400   79.836861   19.701957   0.461182   100.000000
0.6500   79.556448   19.968497   0.475055   100.000000
0.6600   79.277019   20.233866   0.489115   100.000000
0.6700   78.998572   20.498068   0.503360   100.000000
0.6800   78.721103   20.761108   0.517789   100.000000
0.6900   78.444608   21.022990   0.532402   100.000000
0.7000   78.169085   21.283718   0.547198   100.000000
0.7100   77.894529   21.543296   0.562175   100.000000
0.7200   77.620938   21.801728   0.577334   100.000000
0.7300   77.348307   22.059020   0.592673   100.000000
0.7400   77.076634   22.315174   0.608192   100.000000
0.7500   76.805916   22.570195   0.623889   100.000000
0.7600   76.536148   22.824087   0.639765   100.000000
0.7700   76.267328   23.076855   0.655817   100.000000
0.7800   75.999452   23.328502   0.672046   100.000000
0.7900   75.732516   23.579033   0.688451   100.000000
0.8000   75.466519   23.828451   0.705030   100.000000
0.8100   75.201455   24.076761   0.721784   100.000000
0.8200   74.937323   24.323966   0.738711   100.000000
0.8300   74.674118   24.570072   0.755810   100.000000
0.8400   74.411838   24.815081   0.773081   100.000000
0.8500   74.150479   25.058998   0.790523   100.000000
0.8600   73.890038   25.301827   0.808135   100.000000
0.8700   73.630512   25.543571   0.825917   100.000000
0.8800   73.371897   25.784235   0.843868   100.000000
0.8900   73.114191   26.023823   0.861986   100.000000
0.9000   72.857389   26.262339   0.880272   100.000000
0.9100   72.601490   26.499786   0.898724   100.000000
0.9200   72.346490   26.736169   0.917342   100.000000
0.9300   72.092385   26.971491   0.936124   100.000000
0.9400   71.839173   27.205756   0.955071   100.000000
0.9500   71.586850   27.438968   0.974182   100.000000
0.9600   71.335413   27.671132   0.993455   100.000000
0.9700   71.084859   27.902250   1.012890   100.000000
0.9800   70.835186   28.132327   1.032487   100.000000
0.9900   70.586389   28.361367   1.052244   100.000000
1.0000   70.338466   28.589373   1.072161   100.000000
1.0100   70.091415   28.816349   1.092237   100.000000
1.0200   69.845230   29.042298   1.112471   100.000000
1.0300   69.599911   29.267226   1.132864   100.000000
1.0400   69.355453   29.491135   1.153413   100.000000
1.0500   69.111853   29.714029   1.174118   100.000000
1.0600   68.869110   29.935911   1.194979   100.000000
1.0700   68.627219   30.156787   1.215995   100.000000
1.0800   68.386177   30.376658   1.237164   100.000000
1.0900   68.145982   30.595530   1.258488   100.000000
1.1000   67.906631   30.813405   1.279964   100.000000
1.1100   67.668121   31.030288   1.301592   100.000000
1.1200   67.430448   31.246181   1.323371   100.000000
1.1300   67.193610   31.461089   1.345302   100.000000
1.1400   66.957603   31.675015   1.367382   100.000000
1.1500   66.722426   31.887963   1.389611   100.000000
1.1600   66.488075   32.099936   1.411989   100.000000
1.1700   66.254547   32.310938   1.434515   100.000000
1.1800   66.021839   32.520973   1.457188   100.000000
1.1900   65.789948   32.730044   1.480008   100.000000
1.2000   65.558872   32.938154   1.502973   100.000000
1.2100   65.328608   33.145308   1.526084   100.000000
1.2200   65.099152   33.351508   1.549340   100.000000
1.2300   64.870502   33.556759   1.572739   100.000000
1.2400   64.642656   33.761063   1.596281   100.000000
1.2500   64.415609   33.964424   1.619966   100.000000
1.2600   64.189360   34.166846   1.643793   100.000000
1.2700   63.963906   34.368332   1.667762   100.000000
1.2800   63.739244   34.568886   1.691871   100.000000
1.2900   63.515370   34.768510   1.716119   100.000000
1.3000   63.292283   34.967209   1.740507   100.000000
1.3100   63.069980   35.164986   1.765034   100.000000
1.3200   62.848457   35.361844   1.789699   100.000000
1.3300   62.627713   35.557786   1.814501   100.000000
1.3400   62.407744   35.752816   1.839440   100.000000
1.3500   62.188547   35.946938   1.864515   100.000000
1.3600   61.970120   36.140154   1.889725   100.000000
1.3700   61.752461   36.332469   1.915071   100.000000
1.3800   61.535565   36.523884   1.940550   100.000000
1.3900   61.319432   36.714405   1.966163   100.000000
1.4000   61.104058   36.904033   1.991909   100.000000
1.4100   60.889440   37.092772   2.017787   100.000000
1.4200   60.675577   37.280626   2.043797   100.000000
1.4300   60.462464   37.467598   2.069938   100.000000
1.4400   60.250100   37.653690   2.096210   100.000000
1.4500   60.038481   37.838907   2.122611   100.000000
1.4600   59.827606   38.023252   2.149142   100.000000
1.4700   59.617472   38.206727   2.175801   100.000000
1.4800   59.408076   38.389336   2.202589   100.000000
1.4900   59.199415   38.571082   2.229503   100.000000
1.5000   58.991487   38.751968   2.256545   100.000000
1.5100   58.784289   38.931998   2.283713   100.000000
1.5200   58.577819   39.111174   2.311006   100.000000
1.5300   58.372075   39.289501   2.338425   100.000000
1.5400   58.167053   39.466980   2.365967   100.000000
1.5500   57.962751   39.643615   2.393634   100.000000
1.5600   57.759166   39.819410   2.421424   100.000000
1.5700   57.556297   39.994366   2.449337   100.000000
1.5800   57.354140   40.168488   2.477371   100.000000
1.5900   57.152694   40.341779   2.505527   100.000000
1.6000   56.951955   40.514241   2.533805   100.000000
1.6100   56.751920   40.685878   2.562202   100.000000
1.6200   56.552589   40.856692   2.590719   100.000000
1.6300   56.353957   41.026687   2.619356   100.000000
1.6400   56.156024   41.195866   2.648111   100.000000
1.6500   55.958785   41.364231   2.676984   100.000000
1.6600   55.762239   41.531786   2.705974   100.000000
1.6700   55.566384   41.698534   2.735082   100.000000
1.6800   55.371216   41.864478   2.764305   100.000000
1.6900   55.176734   42.029621   2.793645   100.000000
1.7000   54.982935   42.193965   2.823100   100.000000
1.7100   54.789817   42.357513   2.852669   100.000000
1.7200   54.597377   42.520270   2.882353   100.000000
1.7300   54.405613   42.682237   2.912150   100.000000
1.7400   54.214523   42.843417   2.942060   100.000000
1.7500   54.024103   43.003814   2.972083   100.000000
1.7600   53.834353   43.163430   3.002217   100.000000
1.7700   53.645269   43.322268   3.032463   100.000000
1.7800   53.456849   43.480331   3.062820   100.000000
1.7900   53.269091   43.637622   3.093287   100.000000
1.8000   53.081992   43.794144   3.123864   100.000000
1.8100   52.895550   43.949900   3.154550   100.000000
1.8200   52.709764   44.104892   3.185345   100.000000
1.8300   52.524630   44.259123   3.216247   100.000000
1.8400   52.340146   44.412596   3.247258   100.000000
1.8500   52.156310   44.565315   3.278375   100.000000
1.8600   51.973120   44.717281   3.309599   100.000000
1.8700   51.790573   44.868498   3.340929   100.000000
1.8800   51.608667   45.018968   3.372365   100.000000
1.8900   51.427401   45.168694   3.403906   100.000000
1.9000   51.246770   45.317679   3.435551   100.000000
1.9100   51.066775   45.465926   3.467300   100.000000
1.9200   50.887411   45.613437   3.499152   100.000000
1.9300   50.708678   45.760215   3.531107   100.000000
1.9400   50.530572   45.906263   3.563165   100.000000
1.9500   50.353092   46.051583   3.595325   100.000000
1.9600   50.176236   46.196179   3.627586   100.000000
1.9700   50.000000   46.340052   3.659948   100.000000
1.9800   49.824383   46.483207   3.692410   100.000000
1.9900   49.649384   46.625644   3.724972   100.000000
2.0000   49.474999   46.767368   3.757634   100.000000
2.0100   49.301226   46.908380   3.790394   100.000000
2.0200   49.128064   47.048683   3.823253   100.000000
2.0300   48.955510   47.188281   3.856210   100.000000
2.0400   48.783562   47.327174   3.889264   100.000000
2.0500   48.612218   47.465367   3.922415   100.000000
2.0600   48.441476   47.602862   3.955662   100.000000
2.0700   48.271333   47.739661   3.989005   100.000000
2.0800   48.101788   47.875768   4.022444   100.000000
2.0900   47.932839   48.011183   4.055978   100.000000
2.1000   47.764483   48.145911   4.089606   100.000000
2.1100   47.596718   48.279953   4.123328   100.000000
2.1200   47.429543   48.413313   4.157144   100.000000
2.1300   47.262955   48.545993   4.191053   100.000000
2.1400   47.096951   48.677994   4.225054   100.000000
2.1500   46.931531   48.809321   4.259147   100.000000
2.1600   46.766692   48.939975   4.293333   100.000000
2.1700   46.602432   49.069959   4.327609   100.000000
2.1800   46.438749   49.199275   4.361976   100.000000
2.1900   46.275641   49.327927   4.396433   100.000000
2.2000   46.113105   49.455915   4.430979   100.000000
2.2100   45.951141   49.583243   4.465616   100.000000
2.2200   45.789745   49.709914   4.500341   100.000000
2.2300   45.628917   49.835930   4.535154   100.000000
2.2400   45.468653   49.961292   4.570055   100.000000
2.2500   45.308952   50.086004   4.605044   100.000000
2.2600   45.149812   50.210069   4.640119   100.000000
2.2700   44.991231   50.333488   4.675282   100.000000
2.2800   44.833207   50.456263   4.710530   100.000000
2.2900   44.675738   50.578398   4.745864   100.000000
2.3000   44.518822   50.699895   4.781283   100.000000
2.3100   44.362457   50.820756   4.816787   100.000000
2.3200   44.206641   50.940983   4.852375   100.000000
2.3300   44.051373   51.060580   4.888048   100.000000
2.3400   43.896650   51.179547   4.923803   100.000000
2.3500   43.742470   51.297888   4.959642   100.000000
2.3600   43.588832   51.415605   4.995563   100.000000
2.3700   43.435734   51.532700   5.031566   100.000000
2.3800   43.283173   51.649176   5.067651   100.000000
2.3900   43.131148   51.765035   5.103817   100.000000
2.4000   42.979657   51.880279   5.140064   100.000000
2.4100   42.828699   51.994910   5.176391   100.000000
2.4200   42.678270   52.108931   5.212799   100.000000
2.4300   42.528370   52.222344   5.249286   100.000000
2.4400   42.378996   52.335152   5.285852   100.000000
2.4500   42.230147   52.447357   5.322496   100.000000
2.4600   42.081821   52.558960   5.359219   100.000000
2.4700   41.934016   52.669964   5.396020   100.000000
2.4800   41.786729   52.780372   5.432898   100.000000
2.4900   41.639961   52.890186   5.469854   100.000000
2.5000   41.493707   52.999407   5.506885   100.000000
2.5100   41.347968   53.108039   5.543994   100.000000
2.5200   41.202740   53.216083   5.581177   100.000000
2.5300   41.058022   53.323541   5.618437   100.000000
2.5400   40.913813   53.430416   5.655771   100.000000
2.5500   40.770110   53.536711   5.693179   100.000000
2.5600   40.626912   53.642426   5.730662   100.000000
2.5700   40.484217   53.747564   5.768219   100.000000
2.5800   40.342023   53.852128   5.805849   100.000000
2.5900   40.200328   53.956120   5.843552   100.000000
2.6000   40.059131   54.059542   5.881327   100.000000
2.6100   39.918431   54.162395   5.919174   100.000000
2.6200   39.778224   54.264683   5.957094   100.000000
2.6300   39.638509   54.366406   5.995084   100.000000
2.6400   39.499286   54.467568   6.033146   100.000000
2.6500   39.360551   54.568171   6.071278   100.000000
2.6600   39.222304   54.668216   6.109480   100.000000
2.6700   39.084542   54.767705   6.147752   100.000000
2.6800   38.947265   54.866642   6.186094   100.000000
2.6900   38.810469   54.965027   6.224504   100.000000
2.7000   38.674154   55.062863   6.262983   100.000000
2.7100   38.538317   55.160152   6.301531   100.000000
2.7200   38.402958   55.256896   6.340146   100.000000
2.7300   38.268074   55.353097   6.378829   100.000000
2.7400   38.133664   55.448758   6.417578   100.000000
2.7500   37.999726   55.543879   6.456395   100.000000
2.7600   37.866258   55.638464   6.495278   100.000000
2.7700   37.733259   55.732514   6.534227   100.000000
2.7800   37.600728   55.826031   6.573241   100.000000
2.7900   37.468661   55.919018   6.612321   100.000000
2.8000   37.337059   56.011476   6.651465   100.000000
2.8100   37.205919   56.103407   6.690674   100.000000
2.8200   37.075240   56.194813   6.729947   100.000000
2.8300   36.945019   56.285697   6.769284   100.000000
2.8400   36.815256   56.376060   6.808684   100.000000
2.8500   36.685949   56.465904   6.848147   100.000000
2.8600   36.557095   56.555231   6.887673   100.000000
2.8700   36.428695   56.644044   6.927262   100.000000
2.8800   36.300745   56.732343   6.966912   100.000000
2.8900   36.173245   56.820132   7.006623   100.000000
2.9000   36.046192   56.907411   7.046396   100.000000
2.9100   35.919586   56.994183   7.086230   100.000000
2.9200   35.793425   57.080451   7.126125   100.000000
2.9300   35.667706   57.166214   7.166079   100.000000
2.9400   35.542430   57.251477   7.206093   100.000000
2.9500   35.417593   57.336240   7.246167   100.000000
2.9600   35.293195   57.420505   7.286300   100.000000
2.9700   35.169233   57.504275   7.326492   100.000000
2.9800   35.045707   57.587551   7.366742   100.000000
2.9900   34.922615   57.670335   7.407050   100.000000
3.0000   34.799955   57.752629   7.447416   100.000000
3.0100   34.677726   57.834435   7.487839   100.000000
3.0200   34.555927   57.915754   7.528319   100.000000
3.0300   34.434555   57.996589   7.568856   100.000000
3.0400   34.313609   58.076941   7.609450   100.000000
3.0500   34.193089   58.156812   7.650099   100.000000
3.0600   34.072991   58.236205   7.690804   100.000000
3.0700   33.953316   58.315120   7.731565   100.000000
3.0800   33.834060   58.393559   7.772380   100.000000
3.0900   33.715224   58.471526   7.813250   100.000000
3.1000   33.596805   58.549020   7.854175   100.000000
3.1100   33.478802   58.626045   7.895154   100.000000
3.1200   33.361213   58.702601   7.936186   100.000000
3.1300   33.244037   58.778691   7.977272   100.000000
3.1400   33.127273   58.854316   8.018410   100.000000
3.1500   33.010919   58.929479   8.059602   100.000000
3.1600   32.894974   59.004180   8.100846   100.000000
3.1700   32.779436   59.078422   8.142142   100.000000
3.1800   32.664304   59.152206   8.183490   100.000000
3.1900   32.549576   59.225535   8.224889   100.000000
3.2000   32.435251   59.298410   8.266339   100.000000
3.2100   32.321328   59.370832   8.307840   100.000000
3.2200   32.207805   59.442803   8.349392   100.000000
3.2300   32.094680   59.514326   8.390994   100.000000
3.2400   31.981953   59.585401   8.432646   100.000000
3.2500   31.869622   59.656031   8.474347   100.000000
3.2600   31.757685   59.726217   8.516097   100.000000
3.2700   31.646142   59.795961   8.557897   100.000000
3.2800   31.534990   59.865265   8.599745   100.000000
3.2900   31.424229   59.934130   8.641641   100.000000
3.3000   31.313856   60.002558   8.683586   100.000000
3.3100   31.203872   60.070550   8.725578   100.000000
3.3200   31.094273   60.138109   8.767617   100.000000
3.3300   30.985060   60.205236   8.809704   100.000000
3.3400   30.876230   60.271932   8.851837   100.000000
3.3500   30.767783   60.338200   8.894017   100.000000
3.3600   30.659716   60.404040   8.936244   100.000000
3.3700   30.552029   60.469455   8.978516   100.000000
3.3800   30.444720   60.534447   9.020833   100.000000
3.3900   30.337788   60.599016   9.063196   100.000000
3.4000   30.231232   60.663164   9.105604   100.000000
3.4100   30.125050   60.726893   9.148057   100.000000
3.4200   30.019241   60.790205   9.190554   100.000000
3.4300   29.913803   60.853102   9.233095   100.000000
3.4400   29.808736   60.915584   9.275680   100.000000
3.4500   29.704038   60.977653   9.318309   100.000000
3.4600   29.599707   61.039312   9.360981   100.000000
3.4700   29.495743   61.100561   9.403696   100.000000
3.4800   29.392145   61.161402   9.446453   100.000000
3.4900   29.288910   61.221837   9.489253   100.000000
3.5000   29.186037   61.281867   9.532096   100.000000
3.5100   29.083526   61.341494   9.574980   100.000000
3.5200   28.981375   61.400720   9.617905   100.000000
3.5300   28.879583   61.459545   9.660872   100.000000
3.5400   28.778149   61.517972   9.703880   100.000000
3.5500   28.677070   61.576001   9.746928   100.000000
3.5600   28.576347   61.633636   9.790017   100.000000
3.5700   28.475977   61.690876   9.833147   100.000000
3.5800   28.375960   61.747724   9.876316   100.000000
3.5900   28.276294   61.804181   9.919524   100.000000
3.6000   28.176979   61.860249   9.962773   100.000000
3.6100   28.078012   61.915928   10.006060   100.000000
3.6200   27.979393   61.971222   10.049386   100.000000
3.6300   27.881120   62.026130   10.092750   100.000000
3.6400   27.783192   62.080655   10.136153   100.000000
3.6500   27.685608   62.134798   10.179594   100.000000
3.6600   27.588367   62.188561   10.223072   100.000000
3.6700   27.491468   62.241944   10.266588   100.000000
3.6800   27.394909   62.294950   10.310141   100.000000
3.6900   27.298689   62.347580   10.353732   100.000000
3.7000   27.202807   62.399835   10.397358   100.000000
3.7100   27.107261   62.451717   10.441022   100.000000
3.7200   27.012052   62.503227   10.484721   100.000000
3.7300   26.917176   62.554367   10.528456   100.000000
3.7400   26.822634   62.605138   10.572227   100.000000
3.7500   26.728424   62.655542   10.616034   100.000000
3.7600   26.634545   62.705580   10.659875   100.000000
3.7700   26.540996   62.755253   10.703751   100.000000
3.7800   26.447775   62.804562   10.747662   100.000000
3.7900   26.354882   62.853511   10.791608   100.000000
3.8000   26.262315   62.902098   10.835587   100.000000
3.8100   26.170073   62.950327   10.879600   100.000000
3.8200   26.078155   62.998198   10.923647   100.000000
3.8300   25.986560   63.045713   10.967727   100.000000
3.8400   25.895286   63.092873   11.011841   100.000000
3.8500   25.804334   63.139679   11.055987   100.000000
3.8600   25.713700   63.186134   11.100166   100.000000
3.8700   25.623385   63.232238   11.144377   100.000000
3.8800   25.533387   63.277992   11.188620   100.000000
3.8900   25.443706   63.323399   11.232895   100.000000
3.9000   25.354339   63.368459   11.277202   100.000000
3.9100   25.265286   63.413173   11.321541   100.000000
3.9200   25.176546   63.457544   11.365910   100.000000
3.9300   25.088118   63.501572   11.410310   100.000000
3.9400   25.000000   63.545259   11.454741   100.000000
3.9500   24.912192   63.588606   11.499203   100.000000
3.9600   24.824692   63.631614   11.543694   100.000000
3.9700   24.737499   63.674285   11.588216   100.000000
3.9800   24.650613   63.716620   11.632767   100.000000
3.9900   24.564032   63.758620   11.677348   100.000000
4.0000   24.477755   63.800287   11.721958   100.000000
4.0100   24.391781   63.841622   11.766597   100.000000
4.0200   24.306109   63.882626   11.811265   100.000000
4.0300   24.220738   63.923301   11.855961   100.000000
4.0400   24.135667   63.963647   11.900686   100.000000
4.0500   24.050894   64.003667   11.945439   100.000000
4.0600   23.966419   64.043361   11.990220   100.000000
4.0700   23.882241   64.082730   12.035028   100.000000
4.0800   23.798359   64.121777   12.079864   100.000000
4.0900   23.714771   64.160502   12.124727   100.000000
4.1000   23.631477   64.198906   12.169617   100.000000
4.1100   23.548476   64.236990   12.214534   100.000000
4.1200   23.465766   64.274757   12.259477   100.000000
4.1300   23.383346   64.312207   12.304447   100.000000
4.1400   23.301216   64.349342   12.349442   100.000000
4.1500   23.219375   64.386162   12.394464   100.000000
4.1600   23.137820   64.422668   12.439511   100.000000
4.1700   23.056553   64.458864   12.484584   100.000000
4.1800   22.975570   64.494748   12.529682   100.000000
4.1900   22.894873   64.530323   12.574804   100.000000
4.2000   22.814458   64.565590   12.619952   100.000000
4.2100   22.734326   64.600550   12.665124   100.000000
4.2200   22.654476   64.635204   12.710321   100.000000
4.2300   22.574906   64.669553   12.755541   100.000000
4.2400   22.495615   64.703599   12.800786   100.000000
4.2500   22.416603   64.737343   12.846054   100.000000
4.2600   22.337869   64.770786   12.891346   100.000000
4.2700   22.259411   64.803929   12.936661   100.000000
4.2800   22.181228   64.836773   12.981999   100.000000
4.2900   22.103321   64.869320   13.027360   100.000000
4.3000   22.025686   64.901570   13.072743   100.000000
4.3100   21.948325   64.933526   13.118149   100.000000
4.3200   21.871235   64.965187   13.163578   100.000000
4.3300   21.794416   64.996556   13.209028   100.000000
4.3400   21.717867   65.027633   13.254500   100.000000
4.3500   21.641587   65.058419   13.299994   100.000000
4.3600   21.565574   65.088916   13.345510   100.000000
4.3700   21.489829   65.119125   13.391046   100.000000
4.3800   21.414349   65.149047   13.436604   100.000000
4.3900   21.339135   65.178683   13.482182   100.000000
4.4000   21.264185   65.208034   13.527781   100.000000
4.4100   21.189498   65.237102   13.573400   100.000000
4.4200   21.115074   65.265886   13.619040   100.000000
4.4300   21.040910   65.294390   13.664700   100.000000
4.4400   20.967008   65.322613   13.710379   100.000000
4.4500   20.893365   65.350557   13.756078   100.000000
4.4600   20.819980   65.378223   13.801797   100.000000
4.4700   20.746854   65.405611   13.847535   100.000000
4.4800   20.673984   65.432724   13.893292   100.000000
4.4900   20.601370   65.459562   13.939068   100.000000
4.5000   20.529011   65.486127   13.984862   100.000000
4.5100   20.456906   65.512418   14.030675   100.000000
4.5200   20.385055   65.538439   14.076506   100.000000
4.5300   20.313456   65.564188   14.122356   100.000000
4.5400   20.242108   65.589669   14.168223   100.000000
4.5500   20.171011   65.614880   14.214108   100.000000
4.5600   20.100164   65.639825   14.260011   100.000000
4.5700   20.029566   65.664504   14.305931   100.000000
4.5800   19.959215   65.688917   14.351868   100.000000
4.5900   19.889112   65.713066   14.397822   100.000000
4.6000   19.819255   65.736953   14.443793   100.000000
4.6100   19.749643   65.760577   14.489780   100.000000
4.6200   19.680276   65.783940   14.535784   100.000000
4.6300   19.611152   65.807044   14.581804   100.000000
4.6400   19.542271   65.829888   14.627840   100.000000
4.6500   19.473632   65.852475   14.673892   100.000000
4.6600   19.405234   65.874805   14.719960   100.000000
4.6700   19.337077   65.896880   14.766044   100.000000
4.6800   19.269159   65.918699   14.812142   100.000000
4.6900   19.201479   65.940265   14.858256   100.000000
4.7000   19.134037   65.961578   14.904385   100.000000
4.7100   19.066832   65.982639   14.950529   100.000000
4.7200   18.999863   66.003450   14.996687   100.000000
4.7300   18.933129   66.024011   15.042860   100.000000
4.7400   18.866630   66.044323   15.089047   100.000000
4.7500   18.800364   66.064388   15.135248   100.000000
4.7600   18.734331   66.084206   15.181463   100.000000
4.7700   18.668530   66.103778   15.227692   100.000000
4.7800   18.602960   66.123106   15.273935   100.000000
4.7900   18.537620   66.142189   15.320191   100.000000
4.8000   18.472510   66.161030   15.366460   100.000000
4.8100   18.407628   66.179630   15.412742   100.000000
4.8200   18.342974   66.197988   15.459038   100.000000
4.8300   18.278548   66.216107   15.505346   100.000000
4.8400   18.214347   66.233986   15.551666   100.000000
4.8500   18.150373   66.251628   15.597999   100.000000
4.8600   18.086622   66.269033   15.644345   100.000000
4.8700   18.023096   66.286202   15.690702   100.000000
4.8800   17.959793   66.303136   15.737071   100.000000
4.8900   17.896712   66.319835   15.783452   100.000000
4.9000   17.833853   66.336302   15.829845   100.000000
4.9100   17.771215   66.352536   15.876249   100.000000
4.9200   17.708796   66.368539   15.922664   100.000000
4.9300   17.646597   66.384312   15.969091   100.000000
4.9400   17.584617   66.399855   16.015528   100.000000
4.9500   17.522854   66.415170   16.061977   100.000000
4.9600   17.461308   66.430257   16.108435   100.000000
4.9700   17.399978   66.445118   16.154905   100.000000
4.9800   17.338863   66.459752   16.201384   100.000000
4.9900   17.277963   66.474162   16.247874   100.000000
5.0000   17.217277   66.488349   16.294374   100.000000
5.0100   17.156805   66.502312   16.340884   100.000000
5.0200   17.096544   66.516053   16.387403   100.000000
5.0300   17.036496   66.529573   16.433932   100.000000
5.0400   16.976658   66.542872   16.480470   100.000000
5.0500   16.917030   66.555952   16.527018   100.000000
5.0600   16.857612   66.568814   16.573574   100.000000
5.0700   16.798402   66.581458   16.620140   100.000000
5.0800   16.739401   66.593885   16.666714   100.000000
5.0900   16.680607   66.606097   16.713297   100.000000
5.1000   16.622019   66.618093   16.759888   100.000000
5.1100   16.563637   66.629876   16.806488   100.000000
5.1200   16.505460   66.641445   16.853095   100.000000
5.1300   16.447487   66.652802   16.899711   100.000000
5.1400   16.389718   66.663947   16.946335   100.000000
5.1500   16.332152   66.674882   16.992966   100.000000
5.1600   16.274788   66.685607   17.039605   100.000000
5.1700   16.217626   66.696123   17.086252   100.000000
5.1800   16.160664   66.706431   17.132906   100.000000
5.1900   16.103902   66.716531   17.179566   100.000000
5.2000   16.047340   66.726426   17.226234   100.000000
5.2100   15.990977   66.736115   17.272909   100.000000
5.2200   15.934811   66.745599   17.319590   100.000000
5.2300   15.878843   66.754879   17.366278   100.000000
5.2400   15.823071   66.763957   17.412973   100.000000
5.2500   15.767495   66.772832   17.459673   100.000000
5.2600   15.712114   66.781506   17.506380   100.000000
5.2700   15.656928   66.789979   17.553093   100.000000
5.2800   15.601936   66.798253   17.599811   100.000000
5.2900   15.547137   66.806328   17.646536   100.000000
5.3000   15.492530   66.814204   17.693266   100.000000
5.3100   15.438115   66.821884   17.740001   100.000000
5.3200   15.383891   66.829367   17.786742   100.000000
5.3300   15.329858   66.836654   17.833488   100.000000
5.3400   15.276015   66.843747   17.880238   100.000000
5.3500   15.222360   66.850646   17.926994   100.000000
5.3600   15.168894   66.857351   17.973755   100.000000
5.3700   15.115616   66.863864   18.020520   100.000000
5.3800   15.062525   66.870186   18.067289   100.000000
5.3900   15.009620   66.876316   18.114063   100.000000
5.4000   14.956902   66.882257   18.160842   100.000000
5.4100   14.904368   66.888008   18.207624   100.000000
5.4200   14.852019   66.893571   18.254410   100.000000
5.4300   14.799854   66.898946   18.301200   100.000000
5.4400   14.747872   66.904134   18.347994   100.000000
5.4500   14.696072   66.909136   18.394791   100.000000
5.4600   14.644455   66.913953   18.441592   100.000000
5.4700   14.593019   66.918585   18.488396   100.000000
5.4800   14.541763   66.923033   18.535203   100.000000
5.4900   14.490688   66.927299   18.582014   100.000000
5.5000   14.439792   66.931381   18.628827   100.000000
5.5100   14.389074   66.935283   18.675643   100.000000
5.5200   14.338535   66.939003   18.722462   100.000000
5.5300   14.288173   66.942544   18.769283   100.000000
5.5400   14.237989   66.945905   18.816106   100.000000
5.5500   14.187980   66.949088   18.862932   100.000000
5.5600   14.138147   66.952092   18.909760   100.000000
5.5700   14.088489   66.954920   18.956591   100.000000
5.5800   14.039006   66.957572   19.003423   100.000000
5.5900   13.989696   66.960047   19.050256   100.000000
5.6000   13.940560   66.962348   19.097092   100.000000
5.6100   13.891596   66.964475   19.143929   100.000000
5.6200   13.842804   66.966428   19.190767   100.000000
5.6300   13.794184   66.968209   19.237607   100.000000
5.6400   13.745734   66.969818   19.284448   100.000000
5.6500   13.697454   66.971256   19.331290   100.000000
5.6600   13.649344   66.972523   19.378133   100.000000
5.6700   13.601403   66.973620   19.424977   100.000000
5.6800   13.553631   66.974548   19.471821   100.000000
5.6900   13.506026   66.975308   19.518667   100.000000
5.7000   13.458588   66.975900   19.565512   100.000000
5.7100   13.411317   66.976325   19.612358   100.000000
5.7200   13.364212   66.976584   19.659204   100.000000
5.7300   13.317273   66.976677   19.706050   100.000000
5.7400   13.270498   66.976605   19.752897   100.000000
5.7500   13.223888   66.976369   19.799743   100.000000
5.7600   13.177441   66.975970   19.846589   100.000000
5.7700   13.131157   66.975408   19.893435   100.000000
5.7800   13.085036   66.974684   19.940280   100.000000
5.7900   13.039077   66.973798   19.987124   100.000000
5.8000   12.993280   66.972752   20.033968   100.000000
5.8100   12.947643   66.971545   20.080811   100.000000
5.8200   12.902167   66.970179   20.127654   100.000000
5.8300   12.856850   66.968655   20.174495   100.000000
5.8400   12.811693   66.966972   20.221335   100.000000
5.8500   12.766694   66.965132   20.268174   100.000000
5.8600   12.721853   66.963136   20.315012   100.000000
5.8700   12.677170   66.960983   20.361848   100.000000
5.8800   12.632643   66.958675   20.408682   100.000000
5.8900   12.588273   66.956212   20.455515   100.000000
5.9000   12.544059   66.953595   20.502346   100.000000
5.9100   12.500000   66.950825   20.549175   100.000000
5.9200   12.456096   66.947902   20.596003   100.000000
5.9300   12.412346   66.944826   20.642828   100.000000
5.9400   12.368750   66.941600   20.689651   100.000000
5.9500   12.325307   66.938222   20.736471   100.000000
5.9600   12.282016   66.934695   20.783289   100.000000
5.9700   12.238877   66.931017   20.830105   100.000000
5.9800   12.195890   66.927191   20.876918   100.000000
5.9900   12.153054   66.923217   20.923728   100.000000
6.0000   12.110369   66.919095   20.970536   100.000000
6.0100   12.067833   66.914826   21.017340   100.000000
6.0200   12.025447   66.910411   21.064142   100.000000
6.0300   11.983210   66.905850   21.110940   100.000000
6.0400   11.941121   66.901144   21.157735   100.000000
6.0500   11.899180   66.896293   21.204527   100.000000
6.0600   11.857386   66.891299   21.251316   100.000000
6.0700   11.815739   66.886161   21.298100   100.000000
6.0800   11.774238   66.880881   21.344882   100.000000
6.0900   11.732883   66.875458   21.391659   100.000000
6.1000   11.691673   66.869894   21.438433   100.000000
6.1100   11.650608   66.864190   21.485202   100.000000
6.1200   11.609687   66.858345   21.531968   100.000000
6.1300   11.568910   66.852361   21.578729   100.000000
6.1400   11.528276   66.846237   21.625486   100.000000
6.1500   11.487785   66.839975   21.672239   100.000000
6.1600   11.447436   66.833576   21.718988   100.000000
6.1700   11.407229   66.827039   21.765732   100.000000
6.1800   11.367163   66.820366   21.812471   100.000000
6.1900   11.327238   66.813556   21.859206   100.000000
6.2000   11.287453   66.806612   21.905936   100.000000
6.2100   11.247808   66.799532   21.952660   100.000000
6.2200   11.208302   66.792318   21.999380   100.000000
6.2300   11.168934   66.784971   22.046095   100.000000
6.2400   11.129705   66.777490   22.092805   100.000000
6.2500   11.090614   66.769877   22.139509   100.000000
6.2600   11.051660   66.762132   22.186208   100.000000
6.2700   11.012843   66.754255   22.232902   100.000000
6.2800   10.974162   66.746248   22.279589   100.000000
6.2900   10.935618   66.738111   22.326272   100.000000
6.3000   10.897208   66.729844   22.372948   100.000000
6.3100   10.858933   66.721447   22.419619   100.000000
6.3200   10.820793   66.712923   22.466284   100.000000
6.3300   10.782787   66.704270   22.512943   100.000000
6.3400   10.744914   66.695490   22.559595   100.000000
6.3500   10.707175   66.686583   22.606242   100.000000
6.3600   10.669568   66.677550   22.652882   100.000000
6.3700   10.632092   66.668391   22.699516   100.000000
6.3800   10.594749   66.659107   22.746144   100.000000
6.3900   10.557537   66.649699   22.792764   100.000000
6.4000   10.520455   66.640166   22.839379   100.000000
6.4100   10.483504   66.630510   22.885986   100.000000
6.4200   10.446682   66.620731   22.932587   100.000000
6.4300   10.409990   66.610829   22.979181   100.000000
6.4400   10.373427   66.600805   23.025768   100.000000
6.4500   10.336992   66.590660   23.072348   100.000000
6.4600   10.300685   66.580395   23.118921   100.000000
6.4700   10.264506   66.570008   23.165486   100.000000
6.4800   10.228453   66.559503   23.212044   100.000000
6.4900   10.192528   66.548877   23.258595   100.000000
6.5000   10.156728   66.538134   23.305138   100.000000
6.5100   10.121054   66.527272   23.351674   100.000000
6.5200   10.085506   66.516292   23.398202   100.000000
6.5300   10.050082   66.505195   23.444723   100.000000
6.5400   10.014783   66.493982   23.491235   100.000000
6.5500   9.979608   66.482652   23.537740   100.000000
6.5600   9.944556   66.471207   23.584237   100.000000
6.5700   9.909627   66.459647   23.630726   100.000000
6.5800   9.874821   66.447972   23.677206   100.000000
6.5900   9.840138   66.436184   23.723679   100.000000
6.6000   9.805576   66.424281   23.770143   100.000000
6.6100   9.771136   66.412266   23.816598   100.000000
6.6200   9.736816   66.400138   23.863046   100.000000
6.6300   9.702617   66.387898   23.909485   100.000000
6.6400   9.668538   66.375547   23.955915   100.000000
6.6500   9.634579   66.363084   24.002336   100.000000
6.6600   9.600739   66.350512   24.048749   100.000000
6.6700   9.567018   66.337829   24.095153   100.000000
6.6800   9.533416   66.325036   24.141548   100.000000
6.6900   9.499931   66.312135   24.187934   100.000000
6.7000   9.466565   66.299125   24.234311   100.000000
6.7100   9.433315   66.286006   24.280679   100.000000
6.7200   9.400182   66.272781   24.327037   100.000000
6.7300   9.367165   66.259448   24.373387   100.000000
6.7400   9.334265   66.246009   24.419727   100.000000
6.7500   9.301480   66.232463   24.466057   100.000000
6.7600   9.268810   66.218812   24.512378   100.000000
6.7700   9.236255   66.205056   24.558690   100.000000
6.7800   9.203814   66.191195   24.604991   100.000000
6.7900   9.171487   66.177230   24.651283   100.000000
6.8000   9.139274   66.163161   24.697566   100.000000
6.8100   9.107174   66.148988   24.743838   100.000000
6.8200   9.075186   66.134713   24.790100   100.000000
6.8300   9.043311   66.120336   24.836353   100.000000
6.8400   9.011548   66.105857   24.882595   100.000000
6.8500   8.979897   66.091276   24.928827   100.000000
6.8600   8.948356   66.076595   24.975049   100.000000
6.8700   8.916927   66.061813   25.021261   100.000000
6.8800   8.885607   66.046931   25.067462   100.000000
6.8900   8.854398   66.031949   25.113653   100.000000
6.9000   8.823299   66.016868   25.159833   100.000000
6.9100   8.792308   66.001689   25.206003   100.000000
6.9200   8.761427   65.986412   25.252162   100.000000
6.9300   8.730654   65.971036   25.298310   100.000000
6.9400   8.699989   65.955564   25.344447   100.000000
6.9500   8.669432   65.939994   25.390574   100.000000
6.9600   8.638982   65.924329   25.436690   100.000000
6.9700   8.608639   65.908567   25.482795   100.000000
6.9800   8.578402   65.892709   25.528888   100.000000
6.9900   8.548272   65.876757   25.574971   100.000000
7.0000   8.518248   65.860710   25.621042   100.000000
7.0100   8.488329   65.844569   25.667102   100.000000
7.0200   8.458515   65.828334   25.713151   100.000000
7.0300   8.428806   65.812006   25.759189   100.000000
7.0400   8.399201   65.795584   25.805214   100.000000
7.0500   8.369700   65.779071   25.851229   100.000000
7.0600   8.340303   65.762465   25.897232   100.000000
7.0700   8.311009   65.745768   25.943223   100.000000
7.0800   8.281818   65.728979   25.989202   100.000000
7.0900   8.252730   65.712100   26.035170   100.000000
7.1000   8.223744   65.695130   26.081126   100.000000
7.1100   8.194859   65.678071   26.127070   100.000000
7.1200   8.166076   65.660922   26.173002   100.000000
7.1300   8.137394   65.643684   26.218922   100.000000
7.1400   8.108813   65.626357   26.264830   100.000000
7.1500   8.080332   65.608942   26.310726   100.000000
7.1600   8.051951   65.591440   26.356609   100.000000
7.1700   8.023670   65.573849   26.402481   100.000000
